4
2 0 0 0 0 0 0 0 0 0 0 0 0 0 0 0 0 0 0 0 2
14 30 40 40 40 30 14
5 5 14 14 21 15 18 12 0 0 0 0 0 0 0 0 0 0 0 12 18 15 21 14 14 5 5
22 40 56 68 68 68 56 40 22
5 7 14 18 19 27 32 28 30 25 15 0 0 0 0 0 0 0 15 25 30 28 32 27 19 18 14 7 5
14 40 58 70 84 84 84 70 58 40 14
7 9 16 22 27 33 34 36 43 35 28 18 0 0 0 0 0 18 28 35 43 36 34 33 27 22 16 9 7
30 56 70 84 102 102 102 84 70 56 30
9 11 20 22 29 36 42 45 43 45 40 30 21 0 0 0 21 30 40 45 43 45 42 36 29 22 20 11 9
40 68 84 102 120 122 120 102 84 68 40
9 11 20 23 29 38 42 49 53 48 52 45 35 21 0 21 35 45 52 48 53 49 42 38 29 23 20 11 9
40 70 84 102 124 133 124 102 84 70 40
9 11 20 25 31 38 42 49 53 48 52 45 35 24 9 24 35 45 52 48 53 49 42 38 31 25 20 11 9
40 68 84 102 120 122 120 102 84 68 40
9 11 20 23 29 38 42 49 53 48 52 45 35 21 0 21 35 45 52 48 53 49 42 38 29 23 20 11 9
30 56 70 84 102 102 102 84 70 56 30
9 11 20 22 29 36 42 45 43 45 40 30 21 0 0 0 21 30 40 45 43 45 42 36 29 22 20 11 9
14 40 58 70 84 84 84 70 58 40 14
7 9 16 22 27 33 34 36 43 35 28 18 0 0 0 0 0 18 28 35 43 36 34 33 27 22 16 9 7
22 40 56 68 68 68 56 40 22
5 7 14 18 19 27 32 28 30 25 15 0 0 0 0 0 0 0 15 25 30 28 32 27 19 18 14 7 5
14 30 40 40 40 30 14
5 5 14 14 21 15 18 12 0 0 0 0 0 0 0 0 0 0 0 12 18 15 21 14 14 5 5
4
2 0 0 0 0 0 0 0 0 0 0 0 0 0 0 0 0 0 0 0 2
14 30 40 40 40 30 14
5 5 14 14 21 15 18 12 0 0 0 0 0 0 0 0 0 0 0 12 18 15 21 14 14 5 5
22 40 56 68 70 68 56 40 22
5 7 14 18 19 27 32 28 31 25 15 0 0 0 0 0 0 0 15 25 31 28 32 27 19 18 14 7 5
14 40 58 70 84 84 84 70 58 40 14
7 9 16 22 27 33 34 36 43 35 28 18 0 0 0 0 0 18 28 35 43 36 34 33 27 22 16 9 7
30 56 70 84 102 102 102 84 70 56 30
9 11 20 22 29 36 42 45 43 45 40 30 21 0 0 0 21 30 40 45 43 45 42 36 29 22 20 11 9
40 68 84 102 120 124 120 102 84 68 40
9 11 20 23 29 38 42 49 53 48 52 45 35 22 0 22 35 45 52 48 53 49 42 38 29 23 20 11 9
4 40 68 84 102 122 133 122 102 84 68 40 4
9 11 20 25 35 38 42 49 51 48 52 45 35 22 9 22 35 45 52 48 51 49 42 38 35 25 20 11 9
40 68 84 102 120 124 120 102 84 68 40
9 11 20 23 29 38 42 49 53 48 52 45 35 22 0 22 35 45 52 48 53 49 42 38 29 23 20 11 9
30 56 70 84 102 102 102 84 70 56 30
9 11 20 22 29 36 42 45 43 45 40 30 21 0 0 0 21 30 40 45 43 45 42 36 29 22 20 11 9
14 40 58 70 84 84 84 70 58 40 14
7 9 16 22 27 33 34 36 43 35 28 18 0 0 0 0 0 18 28 35 43 36 34 33 27 22 16 9 7
22 40 56 68 70 68 56 40 22
5 7 14 18 19 27 32 28 31 25 15 0 0 0 0 0 0 0 15 25 31 28 32 27 19 18 14 7 5
14 30 40 40 40 30 14
5 5 14 14 21 15 18 12 0 0 0 0 0 0 0 0 0 0 0 12 18 15 21 14 14 5 5
5 7 9 9 9 9 9 7 5
0 0 0 0 0 0 0 0 5
5 7 9 11 11 11 11 11 9 7 5
0 0 0 0 0 0 0 0 0 0 5
5 14 16 20 20 20 20 20 16 14 5
0 0 0 0 0 0 0 0 0 0 5
14 18 22 22 23 25 23 22 22 18 14
0 0 0 0 0 0 0 0 0 0 14
2 14 19 27 29 29 31 29 29 27 19 14 2
0 0 0 0 0 0 0 0 0 0 14
21 27 33 36 38 38 38 36 33 27 21
0 0 0 0 0 0 0 0 0 0 21
15 32 34 42 42 42 42 42 34 32 15
0 0 0 0 0 0 0 0 0 0 15
18 28 36 45 49 49 49 45 36 28 18
0 0 0 0 0 0 0 0 0 0 18
12 30 43 43 53 53 53 43 43 30 12
0 0 0 0 0 0 0 0 0 0 12
25 35 45 48 48 48 45 35 25
0 0 0 0 0 0 0 0 25
15 28 40 52 52 52 40 28 15
15 0 0 0 0 0 0 0 15
18 30 45 45 45 30 18
18 0 0 0 0 0 18
21 35 35 35 21
21 0 0 0 21
21 24 21
21 0 22
9
9
21 24 21
21 0 22
21 35 35 35 21
21 0 0 0 21
18 30 45 45 45 30 18
18 0 0 0 0 0 18
15 28 40 52 52 52 40 28 15
15 0 0 0 0 0 0 0 15
25 35 45 48 48 48 45 35 25
0 0 0 0 0 0 0 0 25
12 30 43 43 53 53 53 43 43 30 12
0 0 0 0 0 0 0 0 0 0 12
18 28 36 45 49 49 49 45 36 28 18
0 0 0 0 0 0 0 0 0 0 18
15 32 34 42 42 42 42 42 34 32 15
0 0 0 0 0 0 0 0 0 0 15
21 27 33 36 38 38 38 36 33 27 21
0 0 0 0 0 0 0 0 0 0 21
2 14 19 27 29 29 31 29 29 27 19 14 2
0 0 0 0 0 0 0 0 0 0 14
14 18 22 22 23 25 23 22 22 18 14
0 0 0 0 0 0 0 0 0 0 14
5 14 16 20 20 20 20 20 16 14 5
0 0 0 0 0 0 0 0 0 0 5
5 7 9 11 11 11 11 11 9 7 5
0 0 0 0 0 0 0 0 0 0 5
5 7 9 9 9 9 9 7 5
0 0 0 0 0 0 0 0 5
