72 90 90 90 72
27 45 45 45 45 0 0 0 0 0 0 0 0 0 0 0 0 0 0 0 45 45 45 45 27
90 126 144 90 108 90 144 126 90
9 63 81 54 54 54 81 63 45 0 0 0 0 0 0 0 0 0 0 0 45 63 81 54 54 54 81 63 9
108 144 90 90 90 72 90 90 90 144 108
27 63 72 54 36 36 36 36 72 81 45 0 0 0 0 0 0 0 0 0 45 81 72 36 36 36 36 54 72 63 27
108 144 90 108 72 72 36 72 72 108 90 144 108
63 72 54 36 36 36 36 36 54 54 72 63 0 0 0 0 0 0 0 63 72 54 54 36 36 36 36 36 54 72 63
90 144 90 90 72 54 72 54 72 54 72 90 90 144 90
27 81 54 36 36 36 36 36 36 36 54 54 72 45 0 0 0 0 0 45 72 54 54 36 36 36 36 36 36 36 54 81 27
126 90 108 72 72 72 54 36 54 72 72 72 108 90 126
63 72 54 54 36 18 18 18 18 36 36 36 54 54 45 0 0 0 45 54 54 36 36 36 18 18 18 18 36 54 54 72 63
72 144 90 72 54 72 36 36 54 36 36 72 54 72 90 144 72
63 54 36 36 18 36 36 36 36 36 36 36 36 36 63 9 0 9 63 36 36 36 36 36 36 36 36 36 18 36 36 54 63
90 90 90 72 72 54 36 36 36 36 36 54 72 72 90 90 90
81 54 36 36 36 18 18 18 36 18 36 36 36 36 36 27 0 27 36 36 36 36 36 18 36 18 18 18 36 36 36 54 81
90 108 72 36 54 36 54 36 27 36 54 36 54 36 72 108 90
81 54 36 18 36 18 18 18 36 18 36 18 18 18 36 36 9 36 36 18 18 18 36 18 36 18 18 18 36 18 36 54 81
90 90 90 72 72 54 36 36 36 36 36 54 72 72 90 90 90
81 54 36 36 36 18 18 18 36 18 36 36 36 36 36 27 0 27 36 36 36 36 36 18 36 18 18 18 36 36 36 54 81
72 144 90 72 54 72 36 36 54 36 36 72 54 72 90 144 72
63 54 36 36 18 36 36 36 36 36 36 36 36 36 63 9 0 9 63 36 36 36 36 36 36 36 36 36 18 36 36 54 63
126 90 108 72 72 72 54 36 54 72 72 72 108 90 126
63 72 54 54 36 18 18 18 18 36 36 36 54 54 45 0 0 0 45 54 54 36 36 36 18 18 18 18 36 54 54 72 63
90 144 90 90 72 54 72 54 72 54 72 90 90 144 90
27 81 54 36 36 36 36 36 36 36 54 54 72 45 0 0 0 0 0 45 72 54 54 36 36 36 36 36 36 36 54 81 27
108 144 90 108 72 72 36 72 72 108 90 144 108
63 72 54 36 36 36 36 36 54 54 72 63 0 0 0 0 0 0 0 63 72 54 54 36 36 36 36 36 54 72 63
108 144 90 90 90 72 90 90 90 144 108
27 63 72 54 36 36 36 36 72 81 45 0 0 0 0 0 0 0 0 0 45 81 72 36 36 36 36 54 72 63 27
90 126 144 90 108 90 144 126 90
9 63 81 54 54 54 81 63 45 0 0 0 0 0 0 0 0 0 0 0 45 63 81 54 54 54 81 63 9
72 90 90 90 72
27 45 45 45 45 0 0 0 0 0 0 0 0 0 0 0 0 0 0 0 45 45 45 45 27
72 90 90 90 72
27 45 45 45 45 0 0 0 0 0 0 0 0 0 0 0 0 0 0 0 45 45 45 45 27
90 126 144 90 108 90 144 126 90
9 63 81 54 54 54 81 63 45 0 0 0 0 0 0 0 0 0 0 0 45 63 81 54 54 54 81 63 9
108 144 90 90 90 72 90 90 90 144 108
27 63 72 54 36 36 36 36 72 81 45 0 0 0 0 0 0 0 0 0 45 81 72 36 36 36 36 54 72 63 27
108 144 90 108 72 72 36 72 72 108 90 144 108
63 72 54 36 36 36 36 36 54 54 72 63 0 0 0 0 0 0 0 63 72 54 54 36 36 36 36 36 54 72 63
90 144 90 90 72 54 72 54 72 54 72 90 90 144 90
27 81 54 36 36 36 36 36 36 36 54 54 72 45 0 0 0 0 0 45 72 54 54 36 36 36 36 36 36 36 54 81 27
126 90 108 72 72 72 54 36 54 72 72 72 108 90 126
63 72 54 54 36 18 18 18 18 36 36 36 54 54 45 0 0 0 45 54 54 36 36 36 18 18 18 18 36 54 54 72 63
72 144 90 72 54 72 36 36 54 36 36 72 54 72 90 144 72
63 54 36 36 18 36 36 36 36 36 36 36 36 36 63 9 0 9 63 36 36 36 36 36 36 36 36 36 18 36 36 54 63
90 90 90 72 72 54 36 36 36 36 36 54 72 72 90 90 90
81 54 36 36 36 18 18 18 36 18 36 36 36 36 36 27 0 27 36 36 36 36 36 18 36 18 18 18 36 36 36 54 81
90 108 72 36 54 36 54 36 27 36 54 36 54 36 72 108 90
81 54 36 18 36 18 18 18 36 18 36 18 18 18 36 36 9 36 36 18 18 18 36 18 36 18 18 18 36 18 36 54 81
90 90 90 72 72 54 36 36 36 36 36 54 72 72 90 90 90
81 54 36 36 36 18 18 18 36 18 36 36 36 36 36 27 0 27 36 36 36 36 36 18 36 18 18 18 36 36 36 54 81
72 144 90 72 54 72 36 36 54 36 36 72 54 72 90 144 72
63 54 36 36 18 36 36 36 36 36 36 36 36 36 63 9 0 9 63 36 36 36 36 36 36 36 36 36 18 36 36 54 63
126 90 108 72 72 72 54 36 54 72 72 72 108 90 126
63 72 54 54 36 18 18 18 18 36 36 36 54 54 45 0 0 0 45 54 54 36 36 36 18 18 18 18 36 54 54 72 63
90 144 90 90 72 54 72 54 72 54 72 90 90 144 90
27 81 54 36 36 36 36 36 36 36 54 54 72 45 0 0 0 0 0 45 72 54 54 36 36 36 36 36 36 36 54 81 27
108 144 90 108 72 72 36 72 72 108 90 144 108
63 72 54 36 36 36 36 36 54 54 72 63 0 0 0 0 0 0 0 63 72 54 54 36 36 36 36 36 54 72 63
108 144 90 90 90 72 90 90 90 144 108
27 63 72 54 36 36 36 36 72 81 45 0 0 0 0 0 0 0 0 0 45 81 72 36 36 36 36 54 72 63 27
90 126 144 90 108 90 144 126 90
9 63 81 54 54 54 81 63 45 0 0 0 0 0 0 0 0 0 0 0 45 63 81 54 54 54 81 63 9
72 90 90 90 72
27 45 45 45 45 0 0 0 0 0 0 0 0 0 0 0 0 0 0 0 45 45 45 45 27
27 63 63 81 81 81 63 63 27
0 0 0 0 0 0 0 0 27
27 63 81 72 54 54 54 54 54 72 81 63 27
0 0 0 0 0 0 0 0 0 0 0 0 27
9 63 72 54 54 36 36 36 36 36 54 54 72 63 9
0 0 0 0 0 0 0 0 0 0 0 0 0 0 9
63 72 54 36 54 36 36 18 36 36 54 36 54 72 63
0 0 0 0 0 0 0 0 0 0 0 0 0 0 63
27 81 54 36 36 36 18 36 36 36 18 36 36 36 54 81 27
0 0 0 0 0 0 0 0 0 0 0 0 0 0 0 0 27
45 54 36 36 36 18 36 18 18 18 36 18 36 36 36 54 45
0 0 0 0 0 0 0 0 0 0 0 0 0 0 0 0 45
45 54 36 36 36 18 36 18 18 18 36 18 36 36 36 54 45
0 0 0 0 0 0 0 0 0 0 0 0 0 0 0 0 45
45 54 36 36 36 18 36 18 18 18 36 18 36 36 36 54 45
0 0 0 0 0 0 0 0 0 0 0 0 0 0 0 0 45
45 81 36 36 36 18 36 36 36 36 36 18 36 36 36 81 45
45 0 0 0 0 0 0 0 0 0 0 0 0 0 0 0 45
63 72 54 36 36 36 18 18 18 36 36 36 54 72 63
63 45 0 0 0 0 0 0 0 0 0 0 0 45 63
45 81 54 54 36 36 36 36 36 36 36 54 54 81 45
72 81 45 0 0 0 0 0 0 0 0 0 45 81 45
45 72 54 36 36 36 18 36 36 36 54 72 45
54 72 63 0 0 0 0 0 0 0 63 72 45
63 72 54 36 36 18 36 36 54 72 63
54 72 45 0 0 0 0 0 45 72 63
45 54 36 36 18 36 36 54 45
54 54 45 0 0 0 45 54 45
45 63 36 36 36 63 45
36 63 9 0 9 63 45
9 27 36 27 9
36 27 0 27 9
9
9
9 27 36 27 9
36 27 0 27 9
45 63 36 36 36 63 45
36 63 9 0 9 63 45
45 54 36 36 18 36 36 54 45
54 54 45 0 0 0 45 54 45
63 72 54 36 36 18 36 36 54 72 63
54 72 45 0 0 0 0 0 45 72 63
45 72 54 36 36 36 18 36 36 36 54 72 45
54 72 63 0 0 0 0 0 0 0 63 72 45
45 81 54 54 36 36 36 36 36 36 36 54 54 81 45
72 81 45 0 0 0 0 0 0 0 0 0 45 81 45
63 72 54 36 36 36 18 18 18 36 36 36 54 72 63
63 45 0 0 0 0 0 0 0 0 0 0 0 45 63
45 81 36 36 36 18 36 36 36 36 36 18 36 36 36 81 45
45 0 0 0 0 0 0 0 0 0 0 0 0 0 0 0 45
45 54 36 36 36 18 36 18 18 18 36 18 36 36 36 54 45
0 0 0 0 0 0 0 0 0 0 0 0 0 0 0 0 45
45 54 36 36 36 18 36 18 18 18 36 18 36 36 36 54 45
0 0 0 0 0 0 0 0 0 0 0 0 0 0 0 0 45
45 54 36 36 36 18 36 18 18 18 36 18 36 36 36 54 45
0 0 0 0 0 0 0 0 0 0 0 0 0 0 0 0 45
27 81 54 36 36 36 18 36 36 36 18 36 36 36 54 81 27
0 0 0 0 0 0 0 0 0 0 0 0 0 0 0 0 27
63 72 54 36 54 36 36 18 36 36 54 36 54 72 63
0 0 0 0 0 0 0 0 0 0 0 0 0 0 63
9 63 72 54 54 36 36 36 36 36 54 54 72 63 9
0 0 0 0 0 0 0 0 0 0 0 0 0 0 9
27 63 81 72 54 54 54 54 54 72 81 63 27
0 0 0 0 0 0 0 0 0 0 0 0 27
27 63 63 81 81 81 63 63 27
0 0 0 0 0 0 0 0 27
