4 4 6 8 8 8 8 8 6 4 4
5 11 11 7 0 0 0 0 0 0 0 0 0 0 0 0 0 0 0 0 0 7 11 11 5
2 4 8 10 12 14 14 18 18 18 14 14 12 10 8 4 2
11 13 17 15 13 16 6 0 0 0 0 0 0 0 0 0 0 0 0 0 6 16 13 15 17 13 11
2 4 8 12 14 18 22 28 28 28 28 28 28 28 22 18 14 12 8 4 2
7 15 17 21 28 26 28 22 14 0 0 0 0 0 0 0 0 0 0 0 14 22 28 26 28 21 17 15 7
4 8 12 18 22 28 30 36 38 40 40 40 40 40 38 36 30 28 22 18 12 8 4
9 13 19 21 34 38 36 36 34 31 25 0 0 0 0 0 0 0 0 0 25 31 34 36 36 38 34 21 19 13 9
4 10 14 20 28 32 38 44 46 46 54 54 54 54 54 46 46 44 38 32 28 20 14 10 4
11 15 17 23 34 40 42 42 47 47 45 39 15 0 0 0 0 0 0 0 15 39 45 47 47 42 42 40 34 23 17 15 11
4 10 18 22 30 38 46 52 54 54 58 60 60 68 60 60 58 54 54 52 46 38 30 22 18 10 4
5 15 17 19 32 40 46 48 53 57 61 53 51 39 4 0 0 0 0 0 4 39 51 53 61 57 53 48 46 40 32 19 17 15 5
4 10 18 24 32 40 46 54 58 60 72 76 78 78 78 78 78 76 72 60 58 54 46 40 32 24 18 10 4
11 17 21 30 40 44 50 61 63 65 67 66 64 54 36 0 0 0 0 0 36 54 64 66 67 65 63 61 50 44 40 30 21 17 11
4 10 18 24 36 44 52 56 60 76 78 80 84 92 94 94 94 92 84 80 78 76 60 56 52 44 36 24 18 10 4
7 15 21 26 38 46 50 61 69 69 71 82 78 80 70 52 20 0 0 0 20 52 70 80 78 82 71 69 69 61 50 46 38 26 21 15 7
2 8 14 22 32 44 54 58 72 78 80 92 94 104 104 104 104 104 104 104 94 92 80 78 72 58 54 44 32 22 14 8 2
11 17 23 34 40 48 61 69 75 84 86 88 88 84 80 75 51 0 0 0 51 75 80 84 88 88 86 84 75 69 61 48 40 34 23 17 11
4 12 20 30 40 52 58 72 78 84 94 102 106 112 122 122 122 122 122 112 106 102 94 84 78 72 58 52 40 30 20 12 4
15 19 30 38 44 59 65 75 79 92 92 96 96 99 97 85 63 25 0 25 63 85 97 99 96 96 92 92 79 75 65 59 44 38 30 19 15
2 8 18 28 38 46 56 72 78 92 96 104 112 122 124 126 132 130 132 126 124 122 112 104 96 92 78 72 56 46 38 28 18 8 2
16 24 36 42 48 65 71 79 88 96 100 107 109 111 101 97 81 48 0 48 81 97 101 111 109 107 100 96 88 79 71 65 48 42 36 24 16
4 12 22 32 46 54 60 78 84 96 106 122 124 132 130 140 140 140 140 140 130 132 124 122 106 96 84 78 60 54 46 32 22 12 4
12 32 40 46 55 69 75 88 96 102 111 117 117 115 111 104 88 74 0 74 88 104 111 115 117 117 111 102 96 88 75 69 55 46 40 32 12
8 14 28 38 52 58 76 80 94 104 122 124 130 140 148 144 148 150 148 144 148 140 130 124 122 104 94 80 76 58 52 38 28 14 8
8 24 42 51 63 73 82 92 100 108 117 121 123 126 126 118 102 86 42 86 102 118 126 126 123 121 117 108 100 92 82 73 63 51 42 24 8
4 10 18 30 44 54 60 78 92 102 112 124 130 140 144 150 150 149 153 149 150 150 144 140 130 124 112 102 92 78 60 54 44 30 18 10 4
8 20 40 55 65 77 90 100 104 111 123 127 130 134 130 120 114 91 57 91 114 120 130 134 130 127 123 111 104 100 90 77 65 55 40 20 8
4 12 22 36 46 54 72 80 94 106 122 132 140 144 150 151 155 149 149 149 155 151 150 144 140 132 122 106 94 80 72 54 46 36 22 12 4
8 18 32 52 67 77 92 102 110 117 127 133 136 140 136 132 121 107 73 107 121 132 136 140 136 133 127 117 110 102 92 77 67 52 32 18 8
6 14 28 38 46 58 76 84 104 112 124 130 148 150 151 155 151 149 151 149 151 155 151 150 148 130 124 112 104 84 76 58 46 38 28 14 6
8 18 30 48 62 84 96 104 113 125 131 134 144 148 138 139 125 109 87 109 125 139 138 148 144 134 131 125 113 104 96 84 62 48 30 18 8
8 14 28 40 54 60 78 92 104 122 126 140 144 150 155 151 151 148 140 148 151 151 155 150 144 140 126 122 104 92 78 60 54 40 28 14 8
8 16 30 42 58 74 94 106 117 127 135 138 148 148 147 143 137 122 90 122 137 143 147 148 148 138 135 127 117 106 94 74 58 42 30 16 8
8 18 28 40 54 60 78 94 104 122 132 140 148 149 149 149 148 140 126 140 148 149 149 149 148 140 132 122 104 94 78 60 54 40 28 18 8
8 18 26 40 52 68 88 102 114 127 136 144 148 149 149 143 137 128 94 128 137 143 149 149 148 144 136 127 114 102 88 68 52 40 26 18 8
8 18 28 40 54 68 78 94 104 122 130 140 150 153 149 151 140 126 107 126 140 151 149 153 150 140 130 122 104 94 78 68 54 40 28 18 8
6 18 26 40 52 68 80 94 104 124 132 146 150 153 149 151 138 128 95 128 138 151 149 153 150 146 132 124 104 94 80 68 52 40 26 18 6
8 18 28 40 54 60 78 94 104 122 132 140 148 149 149 149 148 140 126 140 148 149 149 149 148 140 132 122 104 94 78 60 54 40 28 18 8
8 18 26 40 52 68 88 102 114 127 136 144 148 149 149 143 137 128 94 128 137 143 149 149 148 144 136 127 114 102 88 68 52 40 26 18 8
8 14 28 40 54 60 78 92 104 122 126 140 144 150 155 151 151 148 140 148 151 151 155 150 144 140 126 122 104 92 78 60 54 40 28 14 8
8 16 30 42 58 74 94 106 117 127 135 138 148 148 147 143 137 122 90 122 137 143 147 148 148 138 135 127 117 106 94 74 58 42 30 16 8
6 14 28 38 46 58 76 84 104 112 124 130 148 150 151 155 151 149 151 149 151 155 151 150 148 130 124 112 104 84 76 58 46 38 28 14 6
8 18 30 48 62 84 96 104 113 125 131 134 144 148 138 139 125 109 87 109 125 139 138 148 144 134 131 125 113 104 96 84 62 48 30 18 8
4 12 22 36 46 54 72 80 94 106 122 132 140 144 150 151 155 149 149 149 155 151 150 144 140 132 122 106 94 80 72 54 46 36 22 12 4
8 18 32 52 67 77 92 102 110 117 127 133 136 140 136 132 121 107 73 107 121 132 136 140 136 133 127 117 110 102 92 77 67 52 32 18 8
4 10 18 30 44 54 60 78 92 102 112 124 130 140 144 150 150 149 153 149 150 150 144 140 130 124 112 102 92 78 60 54 44 30 18 10 4
8 20 40 55 65 77 90 100 104 111 123 127 130 134 130 120 114 91 57 91 114 120 130 134 130 127 123 111 104 100 90 77 65 55 40 20 8
8 14 28 38 52 58 76 80 94 104 122 124 130 140 148 144 148 150 148 144 148 140 130 124 122 104 94 80 76 58 52 38 28 14 8
8 24 42 51 63 73 82 92 100 108 117 121 123 126 126 118 102 86 42 86 102 118 126 126 123 121 117 108 100 92 82 73 63 51 42 24 8
4 12 22 32 46 54 60 78 84 96 106 122 124 132 130 140 140 140 140 140 130 132 124 122 106 96 84 78 60 54 46 32 22 12 4
12 32 40 46 55 69 75 88 96 102 111 117 117 115 111 104 88 74 0 74 88 104 111 115 117 117 111 102 96 88 75 69 55 46 40 32 12
2 8 18 28 38 46 56 72 78 92 96 104 112 122 124 126 132 130 132 126 124 122 112 104 96 92 78 72 56 46 38 28 18 8 2
16 24 36 42 48 65 71 79 88 96 100 107 109 111 101 97 81 48 0 48 81 97 101 111 109 107 100 96 88 79 71 65 48 42 36 24 16
4 12 20 30 40 52 58 72 78 84 94 102 106 112 122 122 122 122 122 112 106 102 94 84 78 72 58 52 40 30 20 12 4
15 19 30 38 44 59 65 75 79 92 92 96 96 99 97 85 63 25 0 25 63 85 97 99 96 96 92 92 79 75 65 59 44 38 30 19 15
2 8 14 22 32 44 54 58 72 78 80 92 94 104 104 104 104 104 104 104 94 92 80 78 72 58 54 44 32 22 14 8 2
11 17 23 34 40 48 61 69 75 84 86 88 88 84 80 75 51 0 0 0 51 75 80 84 88 88 86 84 75 69 61 48 40 34 23 17 11
4 10 18 24 36 44 52 56 60 76 78 80 84 92 94 94 94 92 84 80 78 76 60 56 52 44 36 24 18 10 4
7 15 21 26 38 46 50 61 69 69 71 82 78 80 70 52 20 0 0 0 20 52 70 80 78 82 71 69 69 61 50 46 38 26 21 15 7
4 10 18 24 32 40 46 54 58 60 72 76 78 78 78 78 78 76 72 60 58 54 46 40 32 24 18 10 4
11 17 21 30 40 44 50 61 63 65 67 66 64 54 36 0 0 0 0 0 36 54 64 66 67 65 63 61 50 44 40 30 21 17 11
4 10 18 22 30 38 46 52 54 54 58 60 60 68 60 60 58 54 54 52 46 38 30 22 18 10 4
5 15 17 19 32 40 46 48 53 57 61 53 51 39 4 0 0 0 0 0 4 39 51 53 61 57 53 48 46 40 32 19 17 15 5
4 10 14 20 28 32 38 44 46 46 54 54 54 54 54 46 46 44 38 32 28 20 14 10 4
11 15 17 23 34 40 42 42 47 47 45 39 15 0 0 0 0 0 0 0 15 39 45 47 47 42 42 40 34 23 17 15 11
4 8 12 18 22 28 30 36 38 40 40 40 40 40 38 36 30 28 22 18 12 8 4
9 13 19 21 34 38 36 36 34 31 25 0 0 0 0 0 0 0 0 0 25 31 34 36 36 38 34 21 19 13 9
2 4 8 12 14 18 22 28 28 28 28 28 28 28 22 18 14 12 8 4 2
7 15 17 21 28 26 28 22 14 0 0 0 0 0 0 0 0 0 0 0 14 22 28 26 28 21 17 15 7
2 4 8 10 12 14 14 18 18 18 14 14 12 10 8 4 2
11 13 17 15 13 16 6 0 0 0 0 0 0 0 0 0 0 0 0 0 6 16 13 15 17 13 11
4 4 6 8 8 8 8 8 6 4 4
5 11 11 7 0 0 0 0 0 0 0 0 0 0 0 0 0 0 0 0 0 7 11 11 5
4 4 6 8 8 8 8 8 6 4 4
5 11 11 7 0 0 0 0 0 0 0 0 0 0 0 0 0 0 0 0 0 7 11 11 5
2 4 8 10 12 14 14 18 18 18 14 14 12 10 8 4 2
11 13 17 15 13 16 6 0 0 0 0 0 0 0 0 0 0 0 0 0 6 16 13 15 17 13 11
2 4 8 12 14 18 22 28 28 28 28 28 28 28 22 18 14 12 8 4 2
7 15 17 21 28 26 28 22 14 0 0 0 0 0 0 0 0 0 0 0 14 22 28 26 28 21 17 15 7
4 8 12 18 22 28 30 36 38 40 40 40 40 40 38 36 30 28 22 18 12 8 4
9 13 19 21 34 38 36 36 34 31 25 0 0 0 0 0 0 0 0 0 25 31 34 36 36 38 34 21 19 13 9
4 10 14 20 28 32 38 44 46 46 54 54 54 54 54 46 46 44 38 32 28 20 14 10 4
11 15 17 23 34 40 42 42 47 47 45 39 15 0 0 0 0 0 0 0 15 39 45 47 47 42 42 40 34 23 17 15 11
4 10 18 22 30 38 46 52 54 54 58 60 60 68 60 60 58 54 54 52 46 38 30 22 18 10 4
5 15 17 19 32 40 46 48 53 57 61 53 51 39 4 0 0 0 0 0 4 39 51 53 61 57 53 48 46 40 32 19 17 15 5
4 10 18 24 32 40 46 54 58 60 72 76 78 78 78 78 78 76 72 60 58 54 46 40 32 24 18 10 4
11 17 21 30 40 44 50 61 63 65 67 66 64 54 36 0 0 0 0 0 36 54 64 66 67 65 63 61 50 44 40 30 21 17 11
4 10 18 24 36 44 52 56 60 76 78 80 84 92 94 94 94 92 84 80 78 76 60 56 52 44 36 24 18 10 4
7 15 21 26 38 46 50 61 69 69 71 82 78 80 70 52 20 0 0 0 20 52 70 80 78 82 71 69 69 61 50 46 38 26 21 15 7
2 8 14 22 32 44 54 58 72 78 80 92 94 104 104 104 104 104 104 104 94 92 80 78 72 58 54 44 32 22 14 8 2
11 17 23 34 40 48 61 69 75 84 86 88 88 84 80 75 51 0 0 0 51 75 80 84 88 88 86 84 75 69 61 48 40 34 23 17 11
4 12 20 30 40 52 58 72 78 84 94 102 106 112 122 122 122 122 122 112 106 102 94 84 78 72 58 52 40 30 20 12 4
15 19 30 38 44 59 65 75 79 92 92 96 96 99 97 85 63 25 0 25 63 85 97 99 96 96 92 92 79 75 65 59 44 38 30 19 15
2 8 18 28 38 46 56 72 78 92 96 104 112 122 124 126 132 130 132 126 124 122 112 104 96 92 78 72 56 46 38 28 18 8 2
16 24 36 42 48 65 71 79 88 96 100 107 109 111 101 97 81 48 0 48 81 97 101 111 109 107 100 96 88 79 71 65 48 42 36 24 16
4 12 22 32 46 54 60 78 84 96 106 122 124 132 130 140 140 140 140 140 130 132 124 122 106 96 84 78 60 54 46 32 22 12 4
12 32 40 46 55 69 75 88 96 102 111 117 117 115 111 104 88 74 0 74 88 104 111 115 117 117 111 102 96 88 75 69 55 46 40 32 12
8 14 28 38 52 58 76 80 94 104 122 124 130 140 148 144 148 150 148 144 148 140 130 124 122 104 94 80 76 58 52 38 28 14 8
8 24 42 51 63 73 82 92 100 108 117 121 123 126 126 118 102 86 42 86 102 118 126 126 123 121 117 108 100 92 82 73 63 51 42 24 8
4 10 18 30 44 54 60 78 92 102 112 124 130 140 144 150 150 149 153 149 150 150 144 140 130 124 112 102 92 78 60 54 44 30 18 10 4
8 20 40 55 65 77 90 100 104 111 123 127 130 134 130 120 114 91 57 91 114 120 130 134 130 127 123 111 104 100 90 77 65 55 40 20 8
4 12 22 36 46 54 72 80 94 106 122 132 140 144 150 151 155 149 149 149 155 151 150 144 140 132 122 106 94 80 72 54 46 36 22 12 4
8 18 32 52 67 77 92 102 110 117 127 133 136 140 136 132 121 107 73 107 121 132 136 140 136 133 127 117 110 102 92 77 67 52 32 18 8
6 14 28 38 46 58 76 84 104 112 124 130 148 150 151 155 151 149 151 149 151 155 151 150 148 130 124 112 104 84 76 58 46 38 28 14 6
8 18 30 48 62 84 96 104 113 125 131 134 144 148 138 139 125 109 87 109 125 139 138 148 144 134 131 125 113 104 96 84 62 48 30 18 8
8 14 28 40 54 60 78 92 104 122 126 140 144 150 155 151 151 148 140 148 151 151 155 150 144 140 126 122 104 92 78 60 54 40 28 14 8
8 16 30 42 58 74 94 106 117 127 135 138 148 148 147 143 137 122 90 122 137 143 147 148 148 138 135 127 117 106 94 74 58 42 30 16 8
8 18 28 40 54 60 78 94 104 122 132 140 148 149 149 149 148 140 126 140 148 149 149 149 148 140 132 122 104 94 78 60 54 40 28 18 8
8 18 26 40 52 68 88 102 114 127 136 144 148 149 149 143 137 128 94 128 137 143 149 149 148 144 136 127 114 102 88 68 52 40 26 18 8
8 18 28 40 54 68 78 94 104 122 130 140 150 153 149 151 140 126 107 126 140 151 149 153 150 140 130 122 104 94 78 68 54 40 28 18 8
6 18 26 40 52 68 80 94 104 124 132 146 150 153 149 151 138 128 95 128 138 151 149 153 150 146 132 124 104 94 80 68 52 40 26 18 6
8 18 28 40 54 60 78 94 104 122 132 140 148 149 149 149 148 140 126 140 148 149 149 149 148 140 132 122 104 94 78 60 54 40 28 18 8
8 18 26 40 52 68 88 102 114 127 136 144 148 149 149 143 137 128 94 128 137 143 149 149 148 144 136 127 114 102 88 68 52 40 26 18 8
8 14 28 40 54 60 78 92 104 122 126 140 144 150 155 151 151 148 140 148 151 151 155 150 144 140 126 122 104 92 78 60 54 40 28 14 8
8 16 30 42 58 74 94 106 117 127 135 138 148 148 147 143 137 122 90 122 137 143 147 148 148 138 135 127 117 106 94 74 58 42 30 16 8
6 14 28 38 46 58 76 84 104 112 124 130 148 150 151 155 151 149 151 149 151 155 151 150 148 130 124 112 104 84 76 58 46 38 28 14 6
8 18 30 48 62 84 96 104 113 125 131 134 144 148 138 139 125 109 87 109 125 139 138 148 144 134 131 125 113 104 96 84 62 48 30 18 8
4 12 22 36 46 54 72 80 94 106 122 132 140 144 150 151 155 149 149 149 155 151 150 144 140 132 122 106 94 80 72 54 46 36 22 12 4
8 18 32 52 67 77 92 102 110 117 127 133 136 140 136 132 121 107 73 107 121 132 136 140 136 133 127 117 110 102 92 77 67 52 32 18 8
4 10 18 30 44 54 60 78 92 102 112 124 130 140 144 150 150 149 153 149 150 150 144 140 130 124 112 102 92 78 60 54 44 30 18 10 4
8 20 40 55 65 77 90 100 104 111 123 127 130 134 130 120 114 91 57 91 114 120 130 134 130 127 123 111 104 100 90 77 65 55 40 20 8
8 14 28 38 52 58 76 80 94 104 122 124 130 140 148 144 148 150 148 144 148 140 130 124 122 104 94 80 76 58 52 38 28 14 8
8 24 42 51 63 73 82 92 100 108 117 121 123 126 126 118 102 86 42 86 102 118 126 126 123 121 117 108 100 92 82 73 63 51 42 24 8
4 12 22 32 46 54 60 78 84 96 106 122 124 132 130 140 140 140 140 140 130 132 124 122 106 96 84 78 60 54 46 32 22 12 4
12 32 40 46 55 69 75 88 96 102 111 117 117 115 111 104 88 74 0 74 88 104 111 115 117 117 111 102 96 88 75 69 55 46 40 32 12
2 8 18 28 38 46 56 72 78 92 96 104 112 122 124 126 132 130 132 126 124 122 112 104 96 92 78 72 56 46 38 28 18 8 2
16 24 36 42 48 65 71 79 88 96 100 107 109 111 101 97 81 48 0 48 81 97 101 111 109 107 100 96 88 79 71 65 48 42 36 24 16
4 12 20 30 40 52 58 72 78 84 94 102 106 112 122 122 122 122 122 112 106 102 94 84 78 72 58 52 40 30 20 12 4
15 19 30 38 44 59 65 75 79 92 92 96 96 99 97 85 63 25 0 25 63 85 97 99 96 96 92 92 79 75 65 59 44 38 30 19 15
2 8 14 22 32 44 54 58 72 78 80 92 94 104 104 104 104 104 104 104 94 92 80 78 72 58 54 44 32 22 14 8 2
11 17 23 34 40 48 61 69 75 84 86 88 88 84 80 75 51 0 0 0 51 75 80 84 88 88 86 84 75 69 61 48 40 34 23 17 11
4 10 18 24 36 44 52 56 60 76 78 80 84 92 94 94 94 92 84 80 78 76 60 56 52 44 36 24 18 10 4
7 15 21 26 38 46 50 61 69 69 71 82 78 80 70 52 20 0 0 0 20 52 70 80 78 82 71 69 69 61 50 46 38 26 21 15 7
4 10 18 24 32 40 46 54 58 60 72 76 78 78 78 78 78 76 72 60 58 54 46 40 32 24 18 10 4
11 17 21 30 40 44 50 61 63 65 67 66 64 54 36 0 0 0 0 0 36 54 64 66 67 65 63 61 50 44 40 30 21 17 11
4 10 18 22 30 38 46 52 54 54 58 60 60 68 60 60 58 54 54 52 46 38 30 22 18 10 4
5 15 17 19 32 40 46 48 53 57 61 53 51 39 4 0 0 0 0 0 4 39 51 53 61 57 53 48 46 40 32 19 17 15 5
4 10 14 20 28 32 38 44 46 46 54 54 54 54 54 46 46 44 38 32 28 20 14 10 4
11 15 17 23 34 40 42 42 47 47 45 39 15 0 0 0 0 0 0 0 15 39 45 47 47 42 42 40 34 23 17 15 11
4 8 12 18 22 28 30 36 38 40 40 40 40 40 38 36 30 28 22 18 12 8 4
9 13 19 21 34 38 36 36 34 31 25 0 0 0 0 0 0 0 0 0 25 31 34 36 36 38 34 21 19 13 9
2 4 8 12 14 18 22 28 28 28 28 28 28 28 22 18 14 12 8 4 2
7 15 17 21 28 26 28 22 14 0 0 0 0 0 0 0 0 0 0 0 14 22 28 26 28 21 17 15 7
2 4 8 10 12 14 14 18 18 18 14 14 12 10 8 4 2
11 13 17 15 13 16 6 0 0 0 0 0 0 0 0 0 0 0 0 0 6 16 13 15 17 13 11
4 4 6 8 8 8 8 8 6 4 4
5 11 11 7 0 0 0 0 0 0 0 0 0 0 0 0 0 0 0 0 0 7 11 11 5
7 11 15 16 12 8 8 8 8 8 8 6 8 8 8 8 8 8 12 16 15 11 7
11 11 7 0 0 0 0 0 0 0 0 0 0 0 0 0 0 0 0 0 7 11 7
5 11 15 17 19 24 32 24 20 18 18 16 18 18 18 16 18 18 20 24 32 24 19 17 15 11 5
11 13 17 15 13 16 6 0 0 0 0 0 0 0 0 0 0 0 0 0 6 16 13 15 17 13 5
11 15 17 21 23 30 36 40 42 40 32 30 30 26 26 26 30 30 32 40 42 40 36 30 23 21 17 15 11
7 15 17 21 28 26 28 22 14 0 0 0 0 0 0 0 0 0 0 0 14 22 28 26 28 21 17 15 11
9 15 17 21 26 34 38 42 46 51 55 52 48 42 40 40 40 42 48 52 55 51 46 42 38 34 26 21 17 15 9
9 13 19 21 34 38 36 36 34 31 25 0 0 0 0 0 0 0 0 0 25 31 34 36 36 38 34 21 19 13 9
7 13 17 19 30 38 40 44 48 55 63 65 67 62 58 52 52 52 58 62 67 65 63 55 48 44 40 38 30 19 17 13 7
11 15 17 23 34 40 42 42 47 47 45 39 15 0 0 0 0 0 0 0 15 39 45 47 47 42 42 40 34 23 17 15 7
11 15 19 23 32 40 46 48 59 65 69 73 77 77 84 74 68 68 68 74 84 77 77 73 69 65 59 48 46 40 32 23 19 15 11
5 15 17 19 32 40 46 48 53 57 61 53 51 39 4 0 0 0 0 0 4 39 51 53 61 57 53 48 46 40 32 19 17 15 11
5 13 17 21 34 40 44 50 61 65 71 75 82 90 92 96 94 88 80 88 94 96 92 90 82 75 71 65 61 50 44 40 34 21 17 13 5
0 11 17 21 30 40 44 50 61 63 65 67 66 64 54 36 0 0 0 0 0 36 54 64 66 67 65 63 61 50 44 40 30 21 17 11 5
11 17 21 34 40 46 50 61 69 75 79 88 92 100 102 104 106 102 94 102 106 104 102 100 92 88 79 75 69 61 50 46 40 34 21 17 11
7 15 21 26 38 46 50 61 69 69 71 82 78 80 70 52 20 0 0 0 20 52 70 80 78 82 71 69 69 61 50 46 38 26 21 15 11
11 15 28 38 42 48 61 69 75 79 88 96 100 104 110 113 117 114 104 114 117 113 110 104 100 96 88 79 75 69 61 48 42 38 28 15 11
11 17 23 34 40 48 61 69 75 84 86 88 88 84 80 75 51 0 0 0 51 75 80 84 88 88 86 84 75 69 61 48 40 34 23 17 11
7 13 26 36 42 53 63 69 84 92 96 102 108 111 117 125 127 127 124 127 127 125 117 111 108 102 96 92 84 69 63 53 42 36 26 13 7
15 19 30 38 44 59 65 75 79 92 92 96 96 99 97 85 63 25 0 25 63 85 97 99 96 96 92 92 79 75 65 59 44 38 30 19 7
16 28 36 47 57 65 71 86 92 100 111 117 123 127 131 135 136 132 136 135 131 127 123 117 111 100 92 86 71 65 57 47 36 28 16
24 36 42 48 65 71 79 88 96 100 107 109 111 101 97 81 48 0 48 81 97 101 111 109 107 100 96 88 79 71 65 48 42 36 16
6 22 34 47 61 67 82 88 96 107 117 121 127 133 134 138 144 146 144 138 134 133 127 121 117 107 96 88 82 67 61 47 34 22 6
32 40 46 55 69 75 88 96 102 111 117 117 115 111 104 88 74 0 74 88 104 111 115 117 117 111 102 96 88 75 69 55 46 40 6
14 31 45 53 66 78 88 96 109 117 123 130 136 144 148 148 150 148 148 144 136 130 123 117 109 96 88 78 66 53 45 31 14
42 51 63 73 82 92 100 108 117 121 123 126 126 118 102 86 42 86 102 118 126 126 123 121 117 108 100 92 82 73 63 51 14
25 39 51 64 80 84 99 111 115 126 134 140 148 148 149 153 149 148 148 140 134 126 115 111 99 84 80 64 51 39 25
55 65 77 90 100 104 111 123 127 130 134 130 120 114 91 57 91 114 120 130 134 130 127 123 111 104 100 90 77 65 25
15 39 54 70 80 97 101 111 126 130 136 138 147 149 149 149 147 138 136 130 126 111 101 97 80 70 54 39 15
67 77 92 102 110 117 127 133 136 140 136 132 121 107 73 107 121 132 136 140 136 133 127 117 110 102 92 77 15
4 36 52 75 85 97 104 118 120 132 139 143 143 151 143 143 139 132 120 118 104 97 85 75 52 36 4
84 96 104 113 125 131 134 144 148 138 139 125 109 87 109 125 139 138 148 144 134 131 125 113 104 96 4
20 51 63 81 88 102 114 121 125 137 137 138 137 137 125 121 114 102 88 81 63 51 20
106 117 127 135 138 148 148 147 143 137 122 90 122 137 143 147 148 148 138 135 127 117 20
25 48 74 86 91 107 109 122 128 128 128 122 109 107 91 86 74 48 25
127 136 144 148 149 149 143 137 128 94 128 137 143 149 149 148 144 136 25
42 57 73 87 90 94 95 94 90 87 73 57 42
150 153 149 151 138 128 95 128 138 151 149 153 42
25 48 74 86 91 107 109 122 128 128 128 122 109 107 91 86 74 48 25
127 136 144 148 149 149 143 137 128 94 128 137 143 149 149 148 144 136 25
20 51 63 81 88 102 114 121 125 137 137 138 137 137 125 121 114 102 88 81 63 51 20
106 117 127 135 138 148 148 147 143 137 122 90 122 137 143 147 148 148 138 135 127 117 20
4 36 52 75 85 97 104 118 120 132 139 143 143 151 143 143 139 132 120 118 104 97 85 75 52 36 4
84 96 104 113 125 131 134 144 148 138 139 125 109 87 109 125 139 138 148 144 134 131 125 113 104 96 4
15 39 54 70 80 97 101 111 126 130 136 138 147 149 149 149 147 138 136 130 126 111 101 97 80 70 54 39 15
67 77 92 102 110 117 127 133 136 140 136 132 121 107 73 107 121 132 136 140 136 133 127 117 110 102 92 77 15
25 39 51 64 80 84 99 111 115 126 134 140 148 148 149 153 149 148 148 140 134 126 115 111 99 84 80 64 51 39 25
55 65 77 90 100 104 111 123 127 130 134 130 120 114 91 57 91 114 120 130 134 130 127 123 111 104 100 90 77 65 25
14 31 45 53 66 78 88 96 109 117 123 130 136 144 148 148 150 148 148 144 136 130 123 117 109 96 88 78 66 53 45 31 14
42 51 63 73 82 92 100 108 117 121 123 126 126 118 102 86 42 86 102 118 126 126 123 121 117 108 100 92 82 73 63 51 14
6 22 34 47 61 67 82 88 96 107 117 121 127 133 134 138 144 146 144 138 134 133 127 121 117 107 96 88 82 67 61 47 34 22 6
32 40 46 55 69 75 88 96 102 111 117 117 115 111 104 88 74 0 74 88 104 111 115 117 117 111 102 96 88 75 69 55 46 40 6
16 28 36 47 57 65 71 86 92 100 111 117 123 127 131 135 136 132 136 135 131 127 123 117 111 100 92 86 71 65 57 47 36 28 16
24 36 42 48 65 71 79 88 96 100 107 109 111 101 97 81 48 0 48 81 97 101 111 109 107 100 96 88 79 71 65 48 42 36 16
7 13 26 36 42 53 63 69 84 92 96 102 108 111 117 125 127 127 124 127 127 125 117 111 108 102 96 92 84 69 63 53 42 36 26 13 7
15 19 30 38 44 59 65 75 79 92 92 96 96 99 97 85 63 25 0 25 63 85 97 99 96 96 92 92 79 75 65 59 44 38 30 19 7
11 15 28 38 42 48 61 69 75 79 88 96 100 104 110 113 117 114 104 114 117 113 110 104 100 96 88 79 75 69 61 48 42 38 28 15 11
11 17 23 34 40 48 61 69 75 84 86 88 88 84 80 75 51 0 0 0 51 75 80 84 88 88 86 84 75 69 61 48 40 34 23 17 11
11 17 21 34 40 46 50 61 69 75 79 88 92 100 102 104 106 102 94 102 106 104 102 100 92 88 79 75 69 61 50 46 40 34 21 17 11
7 15 21 26 38 46 50 61 69 69 71 82 78 80 70 52 20 0 0 0 20 52 70 80 78 82 71 69 69 61 50 46 38 26 21 15 11
5 13 17 21 34 40 44 50 61 65 71 75 82 90 92 96 94 88 80 88 94 96 92 90 82 75 71 65 61 50 44 40 34 21 17 13 5
0 11 17 21 30 40 44 50 61 63 65 67 66 64 54 36 0 0 0 0 0 36 54 64 66 67 65 63 61 50 44 40 30 21 17 11 5
11 15 19 23 32 40 46 48 59 65 69 73 77 77 84 74 68 68 68 74 84 77 77 73 69 65 59 48 46 40 32 23 19 15 11
5 15 17 19 32 40 46 48 53 57 61 53 51 39 4 0 0 0 0 0 4 39 51 53 61 57 53 48 46 40 32 19 17 15 11
7 13 17 19 30 38 40 44 48 55 63 65 67 62 58 52 52 52 58 62 67 65 63 55 48 44 40 38 30 19 17 13 7
11 15 17 23 34 40 42 42 47 47 45 39 15 0 0 0 0 0 0 0 15 39 45 47 47 42 42 40 34 23 17 15 7
9 15 17 21 26 34 38 42 46 51 55 52 48 42 40 40 40 42 48 52 55 51 46 42 38 34 26 21 17 15 9
9 13 19 21 34 38 36 36 34 31 25 0 0 0 0 0 0 0 0 0 25 31 34 36 36 38 34 21 19 13 9
11 15 17 21 23 30 36 40 42 40 32 30 30 26 26 26 30 30 32 40 42 40 36 30 23 21 17 15 11
7 15 17 21 28 26 28 22 14 0 0 0 0 0 0 0 0 0 0 0 14 22 28 26 28 21 17 15 11
5 11 15 17 19 24 32 24 20 18 18 16 18 18 18 16 18 18 20 24 32 24 19 17 15 11 5
11 13 17 15 13 16 6 0 0 0 0 0 0 0 0 0 0 0 0 0 6 16 13 15 17 13 5
7 11 15 16 12 8 8 8 8 8 8 6 8 8 8 8 8 8 12 16 15 11 7
11 11 7 0 0 0 0 0 0 0 0 0 0 0 0 0 0 0 0 0 7 11 7
