18 54 72 90 72 54 18
9 45 63 45 27 0 0 0 0 0 0 0 0 0 0 0 0 0 0 0 0 0 0 0 0 0 27 45 63 45 9
72 108 126 144 144 108 108 108 144 144 126 108 72
45 81 99 90 72 90 117 99 63 0 0 0 0 0 0 0 0 0 0 0 0 0 0 0 0 0 63 99 117 90 72 90 99 81 45
90 126 162 108 90 54 54 54 72 54 54 54 90 108 162 126 90
9 117 72 72 54 54 54 72 72 117 81 0 0 0 0 0 0 0 0 0 0 0 0 0 0 0 81 117 72 72 54 54 54 72 72 117 9
90 126 144 90 54 72 72 72 36 54 54 54 36 72 72 72 54 90 144 126 90
99 108 54 54 54 36 54 54 54 54 90 99 27 0 0 0 0 0 0 0 0 0 0 0 27 99 90 54 54 54 54 36 54 54 54 108 99
108 162 108 54 72 72 54 72 72 72 72 54 72 72 72 72 54 72 72 54 108 162 108
63 135 90 36 54 36 36 36 36 54 54 72 72 90 81 0 0 0 0 0 0 0 0 0 81 90 72 72 54 54 36 36 36 36 54 36 90 135 63
54 126 108 72 72 72 54 72 54 36 36 36 36 36 36 36 36 36 54 72 54 72 72 72 108 126 54
117 90 72 54 36 36 36 36 36 36 36 54 54 36 117 0 0 0 0 0 0 0 0 0 117 36 54 54 36 36 36 36 36 36 36 54 72 90 117
54 126 108 54 72 54 72 54 36 54 54 36 36 36 36 36 36 36 54 54 36 54 72 54 72 54 108 126 54
153 72 54 36 36 36 36 36 36 36 36 36 36 36 90 99 0 0 0 0 0 0 0 99 90 36 36 36 36 36 36 36 36 36 36 36 54 72 153
126 108 90 72 54 72 36 36 54 36 54 54 36 36 36 36 36 54 54 36 54 36 36 72 54 72 90 108 126
171 72 54 36 36 18 18 18 36 36 36 36 54 36 72 72 81 0 0 0 0 0 81 72 72 36 54 36 36 36 36 18 18 18 36 36 54 72 171
108 108 54 72 72 72 36 54 36 54 36 36 36 72 72 54 72 72 36 36 36 54 36 54 36 72 72 72 54 108 108
189 99 54 18 36 18 18 18 36 36 36 36 36 36 72 54 108 45 0 0 0 45 108 54 72 36 36 36 36 36 36 18 18 18 36 18 54 99 189
90 162 72 72 54 72 36 54 36 54 36 72 54 36 36 36 36 36 36 36 54 72 36 54 36 54 36 72 54 72 72 162 90
144 153 54 36 36 36 36 36 36 18 36 36 36 36 54 54 54 99 0 0 0 99 54 54 54 36 36 36 36 18 36 36 36 36 36 36 54 153 144
126 108 72 54 72 36 54 54 54 36 72 36 36 36 36 54 54 54 36 36 36 36 72 36 54 54 54 36 72 54 72 108 126
126 171 36 36 36 18 18 18 18 36 18 36 36 36 54 54 72 117 27 0 27 117 72 54 54 36 36 36 18 36 18 18 18 18 36 36 36 171 126
90 144 54 72 72 36 54 36 54 72 54 36 36 54 54 54 54 36 54 54 54 54 36 36 54 72 54 36 54 36 72 72 54 144 90
126 180 117 18 36 36 18 36 36 18 36 36 18 18 54 54 36 90 81 0 81 90 36 54 54 18 18 36 36 18 36 36 18 36 36 18 117 180 126
126 90 72 54 54 36 36 54 36 54 36 36 54 54 36 54 54 36 54 54 36 54 54 36 36 54 36 54 36 36 54 54 72 90 126
108 144 108 81 18 18 18 18 18 36 18 36 36 18 36 36 36 72 99 0 99 72 36 36 36 18 36 36 18 36 18 18 18 18 18 81 108 144 108
72 162 54 72 72 36 54 54 36 72 36 36 54 36 54 45 27 27 27 27 27 45 54 36 54 36 36 72 36 54 54 36 72 72 54 162 72
108 108 108 99 18 36 36 36 36 18 36 36 18 18 54 36 54 54 72 63 72 54 54 36 54 18 18 36 36 18 36 36 36 36 18 99 108 108 108
108 108 72 54 54 54 36 36 72 36 36 54 36 54 45 45 45 27 45 27 45 45 45 54 36 54 36 36 72 36 36 54 54 54 72 108 108
90 126 72 90 99 27 18 18 36 36 18 18 36 18 36 36 36 72 72 81 72 72 36 36 36 18 36 18 18 36 36 18 18 27 99 90 72 126 90
126 90 72 72 36 54 54 36 54 36 54 54 54 45 45 45 63 45 45 45 63 45 45 45 54 54 54 36 54 36 54 54 36 72 72 90 126
90 108 72 90 72 81 63 18 18 36 18 36 36 18 54 36 36 54 72 99 72 54 36 36 54 18 36 36 18 36 18 18 63 81 72 90 72 108 90
18 144 54 72 72 36 36 54 36 36 36 54 36 45 45 45 63 45 45 45 45 45 63 45 45 45 36 54 36 36 36 54 36 36 72 72 54 144 18
90 90 72 54 72 54 99 63 18 18 36 36 18 18 36 36 36 36 54 117 54 36 36 36 36 18 18 36 36 18 18 63 99 54 72 54 72 90 90
54 144 54 36 72 36 36 36 72 36 36 54 54 27 45 63 45 63 63 63 63 63 45 63 45 27 54 54 36 36 72 36 36 36 72 36 54 144 54
90 108 72 72 54 54 72 90 63 45 45 18 18 18 36 18 36 54 36 117 36 54 36 18 36 18 18 18 45 45 63 90 72 54 54 72 72 108 90
72 108 54 54 72 36 36 36 72 36 54 54 54 27 27 45 45 63 63 63 63 63 45 45 27 27 54 54 54 36 72 36 36 36 72 54 54 108 72
90 108 72 54 36 36 54 54 54 54 63 45 27 36 36 18 36 54 54 117 54 54 36 18 36 36 27 45 63 54 54 54 54 36 36 54 72 108 90
90 108 72 54 54 36 36 36 54 36 54 36 36 27 45 45 45 63 63 135 63 63 45 45 45 27 36 36 54 36 54 36 36 36 54 54 72 108 90
90 108 54 54 54 54 54 36 54 36 72 36 45 27 45 27 27 63 63 117 63 63 27 27 45 27 45 36 72 36 54 36 54 54 54 54 54 108 90
72 108 54 54 72 36 36 36 72 36 54 54 54 27 27 45 45 63 63 63 63 63 45 45 27 27 54 54 54 36 72 36 36 36 72 54 54 108 72
90 108 72 54 36 36 54 54 54 54 63 45 27 36 36 18 36 54 54 117 54 54 36 18 36 36 27 45 63 54 54 54 54 36 36 54 72 108 90
54 144 54 36 72 36 36 36 72 36 36 54 54 27 45 63 45 63 63 63 63 63 45 63 45 27 54 54 36 36 72 36 36 36 72 36 54 144 54
90 108 72 72 54 54 72 90 63 45 45 18 18 18 36 18 36 54 36 117 36 54 36 18 36 18 18 18 45 45 63 90 72 54 54 72 72 108 90
18 144 54 72 72 36 36 54 36 36 36 54 36 45 45 45 63 45 45 45 45 45 63 45 45 45 36 54 36 36 36 54 36 36 72 72 54 144 18
90 90 72 54 72 54 99 63 18 18 36 36 18 18 36 36 36 36 54 117 54 36 36 36 36 18 18 36 36 18 18 63 99 54 72 54 72 90 90
126 90 72 72 36 54 54 36 54 36 54 54 54 45 45 45 63 45 45 45 63 45 45 45 54 54 54 36 54 36 54 54 36 72 72 90 126
90 108 72 90 72 81 63 18 18 36 18 36 36 18 54 36 36 54 72 99 72 54 36 36 54 18 36 36 18 36 18 18 63 81 72 90 72 108 90
108 108 72 54 54 54 36 36 72 36 36 54 36 54 45 45 45 27 45 27 45 45 45 54 36 54 36 36 72 36 36 54 54 54 72 108 108
90 126 72 90 99 27 18 18 36 36 18 18 36 18 36 36 36 72 72 81 72 72 36 36 36 18 36 18 18 36 36 18 18 27 99 90 72 126 90
72 162 54 72 72 36 54 54 36 72 36 36 54 36 54 45 27 27 27 27 27 45 54 36 54 36 36 72 36 54 54 36 72 72 54 162 72
108 108 108 99 18 36 36 36 36 18 36 36 18 18 54 36 54 54 72 63 72 54 54 36 54 18 18 36 36 18 36 36 36 36 18 99 108 108 108
126 90 72 54 54 36 36 54 36 54 36 36 54 54 36 54 54 36 54 54 36 54 54 36 36 54 36 54 36 36 54 54 72 90 126
108 144 108 81 18 18 18 18 18 36 18 36 36 18 36 36 36 72 99 0 99 72 36 36 36 18 36 36 18 36 18 18 18 18 18 81 108 144 108
90 144 54 72 72 36 54 36 54 72 54 36 36 54 54 54 54 36 54 54 54 54 36 36 54 72 54 36 54 36 72 72 54 144 90
126 180 117 18 36 36 18 36 36 18 36 36 18 18 54 54 36 90 81 0 81 90 36 54 54 18 18 36 36 18 36 36 18 36 36 18 117 180 126
126 108 72 54 72 36 54 54 54 36 72 36 36 36 36 54 54 54 36 36 36 36 72 36 54 54 54 36 72 54 72 108 126
126 171 36 36 36 18 18 18 18 36 18 36 36 36 54 54 72 117 27 0 27 117 72 54 54 36 36 36 18 36 18 18 18 18 36 36 36 171 126
90 162 72 72 54 72 36 54 36 54 36 72 54 36 36 36 36 36 36 36 54 72 36 54 36 54 36 72 54 72 72 162 90
144 153 54 36 36 36 36 36 36 18 36 36 36 36 54 54 54 99 0 0 0 99 54 54 54 36 36 36 36 18 36 36 36 36 36 36 54 153 144
108 108 54 72 72 72 36 54 36 54 36 36 36 72 72 54 72 72 36 36 36 54 36 54 36 72 72 72 54 108 108
189 99 54 18 36 18 18 18 36 36 36 36 36 36 72 54 108 45 0 0 0 45 108 54 72 36 36 36 36 36 36 18 18 18 36 18 54 99 189
126 108 90 72 54 72 36 36 54 36 54 54 36 36 36 36 36 54 54 36 54 36 36 72 54 72 90 108 126
171 72 54 36 36 18 18 18 36 36 36 36 54 36 72 72 81 0 0 0 0 0 81 72 72 36 54 36 36 36 36 18 18 18 36 36 54 72 171
54 126 108 54 72 54 72 54 36 54 54 36 36 36 36 36 36 36 54 54 36 54 72 54 72 54 108 126 54
153 72 54 36 36 36 36 36 36 36 36 36 36 36 90 99 0 0 0 0 0 0 0 99 90 36 36 36 36 36 36 36 36 36 36 36 54 72 153
54 126 108 72 72 72 54 72 54 36 36 36 36 36 36 36 36 36 54 72 54 72 72 72 108 126 54
117 90 72 54 36 36 36 36 36 36 36 54 54 36 117 0 0 0 0 0 0 0 0 0 117 36 54 54 36 36 36 36 36 36 36 54 72 90 117
108 162 108 54 72 72 54 72 72 72 72 54 72 72 72 72 54 72 72 54 108 162 108
63 135 90 36 54 36 36 36 36 54 54 72 72 90 81 0 0 0 0 0 0 0 0 0 81 90 72 72 54 54 36 36 36 36 54 36 90 135 63
90 126 144 90 54 72 72 72 36 54 54 54 36 72 72 72 54 90 144 126 90
99 108 54 54 54 36 54 54 54 54 90 99 27 0 0 0 0 0 0 0 0 0 0 0 27 99 90 54 54 54 54 36 54 54 54 108 99
90 126 162 108 90 54 54 54 72 54 54 54 90 108 162 126 90
9 117 72 72 54 54 54 72 72 117 81 0 0 0 0 0 0 0 0 0 0 0 0 0 0 0 81 117 72 72 54 54 54 72 72 117 9
72 108 126 144 144 108 108 108 144 144 126 108 72
45 81 99 90 72 90 117 99 63 0 0 0 0 0 0 0 0 0 0 0 0 0 0 0 0 0 63 99 117 90 72 90 99 81 45
18 54 72 90 72 54 18
9 45 63 45 27 0 0 0 0 0 0 0 0 0 0 0 0 0 0 0 0 0 0 0 0 0 27 45 63 45 9
18 54 72 90 72 54 18
9 45 63 45 27 0 0 0 0 0 0 0 0 0 0 0 0 0 0 0 0 0 0 0 0 0 27 45 63 45 9
72 108 126 144 144 108 108 108 144 144 126 108 72
45 81 99 90 72 90 117 99 63 0 0 0 0 0 0 0 0 0 0 0 0 0 0 0 0 0 63 99 117 90 72 90 99 81 45
90 126 162 108 90 54 54 54 72 54 54 54 90 108 162 126 90
9 117 72 72 54 54 54 72 72 117 81 0 0 0 0 0 0 0 0 0 0 0 0 0 0 0 81 117 72 72 54 54 54 72 72 117 9
90 126 144 90 54 72 72 72 36 54 54 54 36 72 72 72 54 90 144 126 90
99 108 54 54 54 36 54 54 54 54 90 99 27 0 0 0 0 0 0 0 0 0 0 0 27 99 90 54 54 54 54 36 54 54 54 108 99
108 162 108 54 72 72 54 72 72 72 72 54 72 72 72 72 54 72 72 54 108 162 108
63 135 90 36 54 36 36 36 36 54 54 72 72 90 81 0 0 0 0 0 0 0 0 0 81 90 72 72 54 54 36 36 36 36 54 36 90 135 63
54 126 108 72 72 72 54 72 54 36 36 36 36 36 36 36 36 36 54 72 54 72 72 72 108 126 54
117 90 72 54 36 36 36 36 36 36 36 54 54 36 117 0 0 0 0 0 0 0 0 0 117 36 54 54 36 36 36 36 36 36 36 54 72 90 117
54 126 108 54 72 54 72 54 36 54 54 36 36 36 36 36 36 36 54 54 36 54 72 54 72 54 108 126 54
153 72 54 36 36 36 36 36 36 36 36 36 36 36 90 99 0 0 0 0 0 0 0 99 90 36 36 36 36 36 36 36 36 36 36 36 54 72 153
126 108 90 72 54 72 36 36 54 36 54 54 36 36 36 36 36 54 54 36 54 36 36 72 54 72 90 108 126
171 72 54 36 36 18 18 18 36 36 36 36 54 36 72 72 81 0 0 0 0 0 81 72 72 36 54 36 36 36 36 18 18 18 36 36 54 72 171
108 108 54 72 72 72 36 54 36 54 36 36 36 72 72 54 72 72 36 36 36 54 36 54 36 72 72 72 54 108 108
189 99 54 18 36 18 18 18 36 36 36 36 36 36 72 54 108 45 0 0 0 45 108 54 72 36 36 36 36 36 36 18 18 18 36 18 54 99 189
90 162 72 72 54 72 36 54 36 54 36 72 54 36 36 36 36 36 36 36 54 72 36 54 36 54 36 72 54 72 72 162 90
144 153 54 36 36 36 36 36 36 18 36 36 36 36 54 54 54 99 0 0 0 99 54 54 54 36 36 36 36 18 36 36 36 36 36 36 54 153 144
126 108 72 54 72 36 54 54 54 36 72 36 36 36 36 54 54 54 36 36 36 36 72 36 54 54 54 36 72 54 72 108 126
126 171 36 36 36 18 18 18 18 36 18 36 36 36 54 54 72 117 27 0 27 117 72 54 54 36 36 36 18 36 18 18 18 18 36 36 36 171 126
90 144 54 72 72 36 54 36 54 72 54 36 36 54 54 54 54 36 54 54 54 54 36 36 54 72 54 36 54 36 72 72 54 144 90
126 180 117 18 36 36 18 36 36 18 36 36 18 18 54 54 36 90 81 0 81 90 36 54 54 18 18 36 36 18 36 36 18 36 36 18 117 180 126
126 90 72 54 54 36 36 54 36 54 36 36 54 54 36 54 54 36 54 54 36 54 54 36 36 54 36 54 36 36 54 54 72 90 126
108 144 108 81 18 18 18 18 18 36 18 36 36 18 36 36 36 72 99 0 99 72 36 36 36 18 36 36 18 36 18 18 18 18 18 81 108 144 108
72 162 54 72 72 36 54 54 36 72 36 36 54 36 54 45 27 27 27 27 27 45 54 36 54 36 36 72 36 54 54 36 72 72 54 162 72
108 108 108 99 18 36 36 36 36 18 36 36 18 18 54 36 54 54 72 63 72 54 54 36 54 18 18 36 36 18 36 36 36 36 18 99 108 108 108
108 108 72 54 54 54 36 36 72 36 36 54 36 54 45 45 45 27 45 27 45 45 45 54 36 54 36 36 72 36 36 54 54 54 72 108 108
90 126 72 90 99 27 18 18 36 36 18 18 36 18 36 36 36 72 72 81 72 72 36 36 36 18 36 18 18 36 36 18 18 27 99 90 72 126 90
126 90 72 72 36 54 54 36 54 36 54 54 54 45 45 45 63 45 45 45 63 45 45 45 54 54 54 36 54 36 54 54 36 72 72 90 126
90 108 72 90 72 81 63 18 18 36 18 36 36 18 54 36 36 54 72 99 72 54 36 36 54 18 36 36 18 36 18 18 63 81 72 90 72 108 90
18 144 54 72 72 36 36 54 36 36 36 54 36 45 45 45 63 45 45 45 45 45 63 45 45 45 36 54 36 36 36 54 36 36 72 72 54 144 18
90 90 72 54 72 54 99 63 18 18 36 36 18 18 36 36 36 36 54 117 54 36 36 36 36 18 18 36 36 18 18 63 99 54 72 54 72 90 90
54 144 54 36 72 36 36 36 72 36 36 54 54 27 45 63 45 63 63 63 63 63 45 63 45 27 54 54 36 36 72 36 36 36 72 36 54 144 54
90 108 72 72 54 54 72 90 63 45 45 18 18 18 36 18 36 54 36 117 36 54 36 18 36 18 18 18 45 45 63 90 72 54 54 72 72 108 90
72 108 54 54 72 36 36 36 72 36 54 54 54 27 27 45 45 63 63 63 63 63 45 45 27 27 54 54 54 36 72 36 36 36 72 54 54 108 72
90 108 72 54 36 36 54 54 54 54 63 45 27 36 36 18 36 54 54 117 54 54 36 18 36 36 27 45 63 54 54 54 54 36 36 54 72 108 90
90 108 72 54 54 36 36 36 54 36 54 36 36 27 45 45 45 63 63 135 63 63 45 45 45 27 36 36 54 36 54 36 36 36 54 54 72 108 90
90 108 54 54 54 54 54 36 54 36 72 36 45 27 45 27 27 63 63 117 63 63 27 27 45 27 45 36 72 36 54 36 54 54 54 54 54 108 90
72 108 54 54 72 36 36 36 72 36 54 54 54 27 27 45 45 63 63 63 63 63 45 45 27 27 54 54 54 36 72 36 36 36 72 54 54 108 72
90 108 72 54 36 36 54 54 54 54 63 45 27 36 36 18 36 54 54 117 54 54 36 18 36 36 27 45 63 54 54 54 54 36 36 54 72 108 90
54 144 54 36 72 36 36 36 72 36 36 54 54 27 45 63 45 63 63 63 63 63 45 63 45 27 54 54 36 36 72 36 36 36 72 36 54 144 54
90 108 72 72 54 54 72 90 63 45 45 18 18 18 36 18 36 54 36 117 36 54 36 18 36 18 18 18 45 45 63 90 72 54 54 72 72 108 90
18 144 54 72 72 36 36 54 36 36 36 54 36 45 45 45 63 45 45 45 45 45 63 45 45 45 36 54 36 36 36 54 36 36 72 72 54 144 18
90 90 72 54 72 54 99 63 18 18 36 36 18 18 36 36 36 36 54 117 54 36 36 36 36 18 18 36 36 18 18 63 99 54 72 54 72 90 90
126 90 72 72 36 54 54 36 54 36 54 54 54 45 45 45 63 45 45 45 63 45 45 45 54 54 54 36 54 36 54 54 36 72 72 90 126
90 108 72 90 72 81 63 18 18 36 18 36 36 18 54 36 36 54 72 99 72 54 36 36 54 18 36 36 18 36 18 18 63 81 72 90 72 108 90
108 108 72 54 54 54 36 36 72 36 36 54 36 54 45 45 45 27 45 27 45 45 45 54 36 54 36 36 72 36 36 54 54 54 72 108 108
90 126 72 90 99 27 18 18 36 36 18 18 36 18 36 36 36 72 72 81 72 72 36 36 36 18 36 18 18 36 36 18 18 27 99 90 72 126 90
72 162 54 72 72 36 54 54 36 72 36 36 54 36 54 45 27 27 27 27 27 45 54 36 54 36 36 72 36 54 54 36 72 72 54 162 72
108 108 108 99 18 36 36 36 36 18 36 36 18 18 54 36 54 54 72 63 72 54 54 36 54 18 18 36 36 18 36 36 36 36 18 99 108 108 108
126 90 72 54 54 36 36 54 36 54 36 36 54 54 36 54 54 36 54 54 36 54 54 36 36 54 36 54 36 36 54 54 72 90 126
108 144 108 81 18 18 18 18 18 36 18 36 36 18 36 36 36 72 99 0 99 72 36 36 36 18 36 36 18 36 18 18 18 18 18 81 108 144 108
90 144 54 72 72 36 54 36 54 72 54 36 36 54 54 54 54 36 54 54 54 54 36 36 54 72 54 36 54 36 72 72 54 144 90
126 180 117 18 36 36 18 36 36 18 36 36 18 18 54 54 36 90 81 0 81 90 36 54 54 18 18 36 36 18 36 36 18 36 36 18 117 180 126
126 108 72 54 72 36 54 54 54 36 72 36 36 36 36 54 54 54 36 36 36 36 72 36 54 54 54 36 72 54 72 108 126
126 171 36 36 36 18 18 18 18 36 18 36 36 36 54 54 72 117 27 0 27 117 72 54 54 36 36 36 18 36 18 18 18 18 36 36 36 171 126
90 162 72 72 54 72 36 54 36 54 36 72 54 36 36 36 36 36 36 36 54 72 36 54 36 54 36 72 54 72 72 162 90
144 153 54 36 36 36 36 36 36 18 36 36 36 36 54 54 54 99 0 0 0 99 54 54 54 36 36 36 36 18 36 36 36 36 36 36 54 153 144
108 108 54 72 72 72 36 54 36 54 36 36 36 72 72 54 72 72 36 36 36 54 36 54 36 72 72 72 54 108 108
189 99 54 18 36 18 18 18 36 36 36 36 36 36 72 54 108 45 0 0 0 45 108 54 72 36 36 36 36 36 36 18 18 18 36 18 54 99 189
126 108 90 72 54 72 36 36 54 36 54 54 36 36 36 36 36 54 54 36 54 36 36 72 54 72 90 108 126
171 72 54 36 36 18 18 18 36 36 36 36 54 36 72 72 81 0 0 0 0 0 81 72 72 36 54 36 36 36 36 18 18 18 36 36 54 72 171
54 126 108 54 72 54 72 54 36 54 54 36 36 36 36 36 36 36 54 54 36 54 72 54 72 54 108 126 54
153 72 54 36 36 36 36 36 36 36 36 36 36 36 90 99 0 0 0 0 0 0 0 99 90 36 36 36 36 36 36 36 36 36 36 36 54 72 153
54 126 108 72 72 72 54 72 54 36 36 36 36 36 36 36 36 36 54 72 54 72 72 72 108 126 54
117 90 72 54 36 36 36 36 36 36 36 54 54 36 117 0 0 0 0 0 0 0 0 0 117 36 54 54 36 36 36 36 36 36 36 54 72 90 117
108 162 108 54 72 72 54 72 72 72 72 54 72 72 72 72 54 72 72 54 108 162 108
63 135 90 36 54 36 36 36 36 54 54 72 72 90 81 0 0 0 0 0 0 0 0 0 81 90 72 72 54 54 36 36 36 36 54 36 90 135 63
90 126 144 90 54 72 72 72 36 54 54 54 36 72 72 72 54 90 144 126 90
99 108 54 54 54 36 54 54 54 54 90 99 27 0 0 0 0 0 0 0 0 0 0 0 27 99 90 54 54 54 54 36 54 54 54 108 99
90 126 162 108 90 54 54 54 72 54 54 54 90 108 162 126 90
9 117 72 72 54 54 54 72 72 117 81 0 0 0 0 0 0 0 0 0 0 0 0 0 0 0 81 117 72 72 54 54 54 72 72 117 9
72 108 126 144 144 108 108 108 144 144 126 108 72
45 81 99 90 72 90 117 99 63 0 0 0 0 0 0 0 0 0 0 0 0 0 0 0 0 0 63 99 117 90 72 90 99 81 45
18 54 72 90 72 54 18
9 45 63 45 27 0 0 0 0 0 0 0 0 0 0 0 0 0 0 0 0 0 0 0 0 0 27 45 63 45 9
63 117 153 171 189 144 126 126 108 108 90 90 90 90 90 90 90 90 90 90 90 108 108 126 126 144 189 171 153 117 63
9 45 63 45 27 0 0 0 0 0 0 0 0 0 0 0 0 0 0 0 0 0 0 0 0 0 27 45 63 45 63
9 99 135 90 72 72 99 153 171 180 144 108 126 108 90 108 108 108 108 108 90 108 126 108 144 180 171 153 99 72 72 90 135 99 9
45 81 99 90 72 90 117 99 63 0 0 0 0 0 0 0 0 0 0 0 0 0 0 0 0 0 63 99 117 90 72 90 99 81 9
45 117 108 90 72 54 54 54 54 36 117 108 108 72 72 72 72 72 54 72 72 72 72 72 108 108 117 36 54 54 54 54 72 90 108 117 45
9 117 72 72 54 54 54 72 72 117 81 0 0 0 0 0 0 0 0 0 0 0 0 0 0 0 81 117 72 72 54 54 54 72 72 117 45
81 72 54 36 54 36 36 18 36 36 18 81 99 90 90 54 72 54 54 54 72 54 90 90 99 81 18 36 36 18 36 36 54 36 54 72 81
99 108 54 54 54 36 54 54 54 54 90 99 27 0 0 0 0 0 0 0 0 0 0 0 27 99 90 54 54 54 54 36 54 54 54 108 81
9 99 72 54 54 36 36 36 36 36 36 36 18 18 99 72 72 54 36 54 36 54 72 72 99 18 18 36 36 36 36 36 36 36 54 54 72 99 9
63 135 90 36 54 36 36 36 36 54 54 72 72 90 81 0 0 0 0 0 0 0 0 0 81 90 72 72 54 54 36 36 36 36 54 36 90 135 9
45 90 54 54 36 36 36 18 18 36 18 36 18 36 27 81 54 54 36 54 36 54 54 81 27 36 18 36 18 36 18 18 36 36 36 54 54 90 45
117 90 72 54 36 36 36 36 36 36 36 54 54 36 117 0 0 0 0 0 0 0 0 0 117 36 54 54 36 36 36 36 36 36 36 54 72 90 45
63 72 54 36 36 36 36 18 18 36 18 18 18 36 18 63 99 72 54 54 54 72 99 63 18 36 18 18 18 36 18 18 36 36 36 36 54 72 63
153 72 54 36 36 36 36 36 36 36 36 36 36 36 90 99 0 0 0 0 0 0 0 99 90 36 36 36 36 36 36 36 36 36 36 36 54 72 63
45 90 54 54 36 36 36 18 18 36 18 36 18 36 18 18 63 90 54 36 54 90 63 18 18 36 18 36 18 36 18 18 36 36 36 54 54 90 45
171 72 54 36 36 18 18 18 36 36 36 36 54 36 72 72 81 0 0 0 0 0 81 72 72 36 54 36 36 36 36 18 18 18 36 36 54 72 45
27 117 72 54 36 36 36 36 36 36 18 36 18 36 36 18 18 63 54 54 54 63 18 18 36 36 18 36 18 36 36 36 36 36 36 54 72 117 27
189 99 54 18 36 18 18 18 36 36 36 36 36 36 72 54 108 45 0 0 0 45 108 54 72 36 36 36 36 36 36 18 18 18 36 18 54 99 27
99 72 54 54 36 36 36 36 18 36 18 36 18 36 36 18 45 54 36 54 45 18 36 36 18 36 18 36 18 36 36 36 36 54 54 72 99
153 54 36 36 36 36 36 36 18 36 36 36 36 54 54 54 99 0 0 0 99 54 54 54 36 36 36 36 18 36 36 36 36 36 36 54 99
63 117 54 54 36 36 36 36 36 18 36 18 36 18 18 36 45 63 72 63 45 36 18 18 36 18 36 18 36 36 36 36 36 54 54 117 63
171 36 36 36 18 18 18 18 36 18 36 36 36 54 54 72 117 27 0 27 117 72 54 54 36 36 36 18 36 18 18 18 18 36 36 36 63
81 90 72 54 36 36 36 36 36 36 36 36 18 36 36 18 45 36 45 18 36 36 18 36 36 36 36 36 36 36 36 54 72 90 81
117 18 36 36 18 36 36 18 36 36 18 18 54 54 36 90 81 0 81 90 36 54 54 18 18 36 36 18 36 36 18 36 36 18 81
99 72 54 36 54 36 36 36 18 36 18 36 36 18 18 27 45 27 18 18 36 36 18 36 18 36 36 36 54 36 54 72 99
81 18 18 18 18 18 36 18 36 36 18 36 36 36 72 99 0 99 72 36 36 36 18 36 36 18 36 18 18 18 18 18 99
27 90 36 36 36 36 36 36 18 18 18 18 18 18 18 36 27 36 18 18 18 18 18 18 18 36 36 36 36 36 36 90 27
99 18 36 36 36 36 18 36 36 18 18 54 36 54 54 72 63 72 54 54 36 54 18 18 36 36 18 36 36 36 36 18 27
81 117 90 72 72 54 54 54 36 54 36 54 36 36 36 45 36 36 36 54 36 54 36 54 54 54 72 72 90 117 81
99 27 18 18 36 36 18 18 36 18 36 36 36 72 72 81 72 72 36 36 36 18 36 18 18 36 36 18 18 27 81
99 72 54 54 54 54 36 36 36 36 36 18 18 27 18 18 36 36 36 36 36 54 54 54 54 72 99
63 18 18 36 18 36 36 18 54 36 36 54 72 99 72 54 36 36 54 18 36 36 18 36 18 18 99
81 108 54 72 36 36 54 36 36 36 36 36 27 36 36 36 36 36 54 36 36 72 54 108 81
63 18 18 36 36 18 18 36 36 36 36 54 117 54 36 36 36 36 18 18 36 36 18 18 81
45 99 117 90 72 54 72 54 36 54 54 63 54 54 36 54 72 54 72 90 117 99 45
63 45 45 18 18 18 36 18 36 54 36 117 36 54 36 18 36 18 18 18 45 45 45
27 81 99 72 72 72 54 36 54 63 54 36 54 72 72 72 99 81 27
63 45 27 36 36 18 36 54 54 117 54 54 36 18 36 36 27 45 27
63 81 99 117 117 117 117 117 117 117 99 81 63
27 45 27 27 63 63 117 63 63 27 27 45 63
27 81 99 72 72 72 54 36 54 63 54 36 54 72 72 72 99 81 27
63 45 27 36 36 18 36 54 54 117 54 54 36 18 36 36 27 45 27
45 99 117 90 72 54 72 54 36 54 54 63 54 54 36 54 72 54 72 90 117 99 45
63 45 45 18 18 18 36 18 36 54 36 117 36 54 36 18 36 18 18 18 45 45 45
81 108 54 72 36 36 54 36 36 36 36 36 27 36 36 36 36 36 54 36 36 72 54 108 81
63 18 18 36 36 18 18 36 36 36 36 54 117 54 36 36 36 36 18 18 36 36 18 18 81
99 72 54 54 54 54 36 36 36 36 36 18 18 27 18 18 36 36 36 36 36 54 54 54 54 72 99
63 18 18 36 18 36 36 18 54 36 36 54 72 99 72 54 36 36 54 18 36 36 18 36 18 18 99
81 117 90 72 72 54 54 54 36 54 36 54 36 36 36 45 36 36 36 54 36 54 36 54 54 54 72 72 90 117 81
99 27 18 18 36 36 18 18 36 18 36 36 36 72 72 81 72 72 36 36 36 18 36 18 18 36 36 18 18 27 81
27 90 36 36 36 36 36 36 18 18 18 18 18 18 18 36 27 36 18 18 18 18 18 18 18 36 36 36 36 36 36 90 27
99 18 36 36 36 36 18 36 36 18 18 54 36 54 54 72 63 72 54 54 36 54 18 18 36 36 18 36 36 36 36 18 27
99 72 54 36 54 36 36 36 18 36 18 36 36 18 18 27 45 27 18 18 36 36 18 36 18 36 36 36 54 36 54 72 99
81 18 18 18 18 18 36 18 36 36 18 36 36 36 72 99 0 99 72 36 36 36 18 36 36 18 36 18 18 18 18 18 99
81 90 72 54 36 36 36 36 36 36 36 36 18 36 36 18 45 36 45 18 36 36 18 36 36 36 36 36 36 36 36 54 72 90 81
117 18 36 36 18 36 36 18 36 36 18 18 54 54 36 90 81 0 81 90 36 54 54 18 18 36 36 18 36 36 18 36 36 18 81
63 117 54 54 36 36 36 36 36 18 36 18 36 18 18 36 45 63 72 63 45 36 18 18 36 18 36 18 36 36 36 36 36 54 54 117 63
171 36 36 36 18 18 18 18 36 18 36 36 36 54 54 72 117 27 0 27 117 72 54 54 36 36 36 18 36 18 18 18 18 36 36 36 63
99 72 54 54 36 36 36 36 18 36 18 36 18 36 36 18 45 54 36 54 45 18 36 36 18 36 18 36 18 36 36 36 36 54 54 72 99
153 54 36 36 36 36 36 36 18 36 36 36 36 54 54 54 99 0 0 0 99 54 54 54 36 36 36 36 18 36 36 36 36 36 36 54 99
27 117 72 54 36 36 36 36 36 36 18 36 18 36 36 18 18 63 54 54 54 63 18 18 36 36 18 36 18 36 36 36 36 36 36 54 72 117 27
189 99 54 18 36 18 18 18 36 36 36 36 36 36 72 54 108 45 0 0 0 45 108 54 72 36 36 36 36 36 36 18 18 18 36 18 54 99 27
45 90 54 54 36 36 36 18 18 36 18 36 18 36 18 18 63 90 54 36 54 90 63 18 18 36 18 36 18 36 18 18 36 36 36 54 54 90 45
171 72 54 36 36 18 18 18 36 36 36 36 54 36 72 72 81 0 0 0 0 0 81 72 72 36 54 36 36 36 36 18 18 18 36 36 54 72 45
63 72 54 36 36 36 36 18 18 36 18 18 18 36 18 63 99 72 54 54 54 72 99 63 18 36 18 18 18 36 18 18 36 36 36 36 54 72 63
153 72 54 36 36 36 36 36 36 36 36 36 36 36 90 99 0 0 0 0 0 0 0 99 90 36 36 36 36 36 36 36 36 36 36 36 54 72 63
45 90 54 54 36 36 36 18 18 36 18 36 18 36 27 81 54 54 36 54 36 54 54 81 27 36 18 36 18 36 18 18 36 36 36 54 54 90 45
117 90 72 54 36 36 36 36 36 36 36 54 54 36 117 0 0 0 0 0 0 0 0 0 117 36 54 54 36 36 36 36 36 36 36 54 72 90 45
9 99 72 54 54 36 36 36 36 36 36 36 18 18 99 72 72 54 36 54 36 54 72 72 99 18 18 36 36 36 36 36 36 36 54 54 72 99 9
63 135 90 36 54 36 36 36 36 54 54 72 72 90 81 0 0 0 0 0 0 0 0 0 81 90 72 72 54 54 36 36 36 36 54 36 90 135 9
81 72 54 36 54 36 36 18 36 36 18 81 99 90 90 54 72 54 54 54 72 54 90 90 99 81 18 36 36 18 36 36 54 36 54 72 81
99 108 54 54 54 36 54 54 54 54 90 99 27 0 0 0 0 0 0 0 0 0 0 0 27 99 90 54 54 54 54 36 54 54 54 108 81
45 117 108 90 72 54 54 54 54 36 117 108 108 72 72 72 72 72 54 72 72 72 72 72 108 108 117 36 54 54 54 54 72 90 108 117 45
9 117 72 72 54 54 54 72 72 117 81 0 0 0 0 0 0 0 0 0 0 0 0 0 0 0 81 117 72 72 54 54 54 72 72 117 45
9 99 135 90 72 72 99 153 171 180 144 108 126 108 90 108 108 108 108 108 90 108 126 108 144 180 171 153 99 72 72 90 135 99 9
45 81 99 90 72 90 117 99 63 0 0 0 0 0 0 0 0 0 0 0 0 0 0 0 0 0 63 99 117 90 72 90 99 81 9
63 117 153 171 189 144 126 126 108 108 90 90 90 90 90 90 90 90 90 90 90 108 108 126 126 144 189 171 153 117 63
9 45 63 45 27 0 0 0 0 0 0 0 0 0 0 0 0 0 0 0 0 0 0 0 0 0 27 45 63 45 63
